503.144653
1207.547119
1408.805054
1006.289307
1106.918213
905.660339
1157.232666
1207.547119
1459.119507
1408.805054
754.716980
1308.176025
1056.603760
905.660339
855.345886
855.345886
1106.918213
905.660339
1106.918213
905.660339
955.974854
805.031433
805.031433
955.974854
654.088013
1509.433960
955.974854
1308.176025
1358.490601
1610.062866
1207.547119
905.660339
1509.433960
1308.176025
1408.805054
1308.176025
1308.176025
1006.289307
905.660339
1308.176025
1157.232666
1459.119507
1257.861572
1257.861572
855.345886
553.459106
553.459106
603.773560
754.716980
654.088013
704.402527
704.402527
855.345886
805.031433
1157.232666
654.088013
352.201263
603.773560
754.716980
955.974854
905.660339
955.974854
1006.289307
955.974854
955.974854
955.974854
1207.547119
805.031433
1106.918213
1408.805054
1006.289307
553.459106
1106.918213
704.402527
704.402527
955.974854
503.144653
1157.232666
1459.119507
1710.691772
1006.289307
1157.232666
855.345886
1408.805054
1006.289307
1207.547119
754.716980
1106.918213
553.459106
603.773560
553.459106
603.773560
654.088013
452.830170
553.459106
452.830170
452.830170
503.144653
553.459106
704.402527
301.886780
352.201263
251.572327
402.515717
301.886780
503.144653
402.515717
503.144653
402.515717
553.459106
805.031433
754.716980
704.402527
654.088013
503.144653
704.402527
452.830170
754.716980
553.459106
805.031433
704.402527
704.402527
603.773560
352.201263
503.144653
251.572327
201.257858
452.830170
352.201263
402.515717
402.515717
402.515717
553.459106
452.830170
452.830170
654.088013
603.773560
603.773560
553.459106
402.515717
754.716980
654.088013
905.660339
1408.805054
704.402527
704.402527
402.515717
301.886780
301.886780
503.144653
452.830170
503.144653
603.773560
452.830170
452.830170
503.144653
452.830170
452.830170
452.830170
301.886780
754.716980
251.572327
201.257858
704.402527
603.773560
603.773560
1257.861572
754.716980
905.660339
402.515717
553.459106
905.660339
1106.918213
603.773560
1006.289307
754.716980
1056.603760
1459.119507
704.402527
1056.603760
2314.465332
855.345886
955.974854
1157.232666
1006.289307
1157.232666
1157.232666
855.345886
1056.603760
754.716980
1710.691772
1459.119507
1257.861572
855.345886
905.660339
1056.603760
1257.861572
1761.006226
1006.289307
1006.289307
1710.691772
1308.176025
955.974854
1207.547119
402.515717
654.088013
1056.603760
1006.289307
1257.861572
1408.805054
1056.603760
1761.006226
1056.603760
1006.289307
1559.748413
1257.861572
754.716980
1157.232666
1358.490601
704.402527
402.515717
603.773560
955.974854
955.974854
1257.861572
1106.918213
905.660339
805.031433
704.402527
1006.289307
1257.861572
553.459106
1308.176025
1207.547119
1006.289307
1056.603760
553.459106
855.345886
855.345886
704.402527
603.773560
805.031433
553.459106
603.773560
402.515717
553.459106
553.459106
553.459106
352.201263
251.572327
301.886780
301.886780
402.515717
402.515717
352.201263
301.886780
452.830170
704.402527
452.830170
352.201263
503.144653
301.886780
301.886780
452.830170
654.088013
805.031433
1308.176025
855.345886
452.830170
452.830170
955.974854
855.345886
1509.433960
603.773560
1559.748413
1006.289307
905.660339
855.345886
503.144653
905.660339
754.716980
855.345886
1056.603760
1106.918213
402.515717
452.830170
955.974854
1157.232666
1106.918213
754.716980
805.031433
1106.918213
1207.547119
1006.289307
1660.377319
1308.176025
1509.433960
1911.949707
1157.232666
1257.861572
503.144653
1408.805054
1006.289307
1308.176025
805.031433
1056.603760
1257.861572
1056.603760
955.974854
1157.232666
1157.232666
704.402527
1308.176025
1207.547119
1157.232666
855.345886
1207.547119
905.660339
955.974854
1911.949707
905.660339
754.716980
704.402527
1710.691772
100.628929
402.515717
301.886780
201.257858
352.201263
251.572327
301.886780
201.257858
301.886780
402.515717
553.459106
654.088013
654.088013
805.031433
1006.289307
855.345886
704.402527
503.144653
452.830170
603.773560
402.515717
301.886780
352.201263
452.830170
201.257858
301.886780
603.773560
805.031433
905.660339
1157.232666
1308.176025
1509.433960
1257.861572
251.572327
503.144653
704.402527
805.031433
905.660339
855.345886
301.886780
352.201263
452.830170
201.257858
301.886780
452.830170
855.345886
1962.264160
2113.207520
1408.805054
2012.578613
4226.415039
2968.553467
2062.893066
1861.635132
1257.861572
1056.603760
402.515717
251.572327
452.830170
654.088013
654.088013
603.773560
503.144653
452.830170
553.459106
553.459106
654.088013
402.515717
553.459106
654.088013
553.459106
553.459106
704.402527
553.459106
654.088013
603.773560
553.459106
654.088013
905.660339
1207.547119
1056.603760
955.974854
704.402527
1358.490601
805.031433
955.974854
754.716980
805.031433
955.974854
1106.918213
905.660339
805.031433
1106.918213
955.974854
704.402527
1056.603760
1106.918213
704.402527
855.345886
553.459106
503.144653
352.201263
301.886780
251.572327
301.886780
402.515717
251.572327
402.515717
301.886780
201.257858
402.515717
654.088013
704.402527
704.402527
553.459106
654.088013
603.773560
603.773560
553.459106
352.201263
452.830170
1358.490601
2264.150879
2415.094238
2012.578613
1610.062866
2163.521973
1861.635132
3119.496826
2465.408691
2515.723145
1358.490601
301.886780
654.088013
452.830170
503.144653
503.144653
553.459106
654.088013
452.830170
503.144653
352.201263
1761.006226
603.773560
1710.691772
2817.610107
3169.811279
4025.157227
1207.547119
0.000000
553.459106
1106.918213
301.886780
352.201263
100.628929
301.886780
402.515717
402.515717
654.088013
452.830170
553.459106
553.459106
452.830170
553.459106
301.886780
352.201263
301.886780
503.144653
301.886780
301.886780
301.886780
452.830170
452.830170
503.144653
452.830170
503.144653
402.515717
503.144653
603.773560
452.830170
452.830170
503.144653
452.830170
452.830170
654.088013
503.144653
603.773560
402.515717
402.515717
452.830170
553.459106
452.830170
352.201263
452.830170
503.144653
452.830170
553.459106
402.515717
553.459106
402.515717
503.144653
503.144653
503.144653
402.515717
754.716980
452.830170
654.088013
553.459106
452.830170
603.773560
553.459106
654.088013
452.830170
1157.232666
955.974854
1106.918213
805.031433
1006.289307
1509.433960
905.660339
654.088013
1157.232666
704.402527
855.345886
603.773560
1459.119507
1459.119507
1006.289307
1257.861572
1459.119507
1358.490601
1408.805054
603.773560
1207.547119
1308.176025
1660.377319
1157.232666
905.660339
1257.861572
1509.433960
1308.176025
1509.433960
955.974854
1006.289307
603.773560
1006.289307
1157.232666
1157.232666
1006.289307
1660.377319
1710.691772
654.088013
855.345886
704.402527
1006.289307
955.974854
754.716980
553.459106
905.660339
855.345886
1056.603760
553.459106
201.257858
704.402527
1157.232666
805.031433
955.974854
754.716980
402.515717
503.144653
503.144653
603.773560
352.201263
603.773560
553.459106
503.144653
452.830170
301.886780
301.886780
301.886780
251.572327
251.572327
150.943390
402.515717
1056.603760
905.660339
704.402527
503.144653
855.345886
1106.918213
553.459106
1056.603760
654.088013
503.144653
402.515717
452.830170
452.830170
352.201263
352.201263
402.515717
402.515717
352.201263
452.830170
452.830170
503.144653
402.515717
1006.289307
1056.603760
855.345886
905.660339
704.402527
402.515717
503.144653
452.830170
402.515717
503.144653
452.830170
503.144653
402.515717
503.144653
503.144653
603.773560
553.459106
603.773560
452.830170
955.974854
654.088013
654.088013
805.031433
603.773560
754.716980
352.201263
704.402527
452.830170
704.402527
805.031433
1157.232666
1106.918213
1308.176025
1257.861572
553.459106
1157.232666
1106.918213
905.660339
905.660339
553.459106
1157.232666
955.974854
754.716980
704.402527
704.402527
955.974854
503.144653
402.515717
452.830170
201.257858
503.144653
654.088013
553.459106
704.402527
905.660339
754.716980
955.974854
1207.547119
905.660339
603.773560
352.201263
452.830170
503.144653
603.773560
553.459106
553.459106
503.144653
603.773560
704.402527
704.402527
905.660339
603.773560
754.716980
503.144653
452.830170
603.773560
553.459106
553.459106
704.402527
503.144653
352.201263
402.515717
503.144653
754.716980
855.345886
855.345886
754.716980
654.088013
855.345886
603.773560
452.830170
503.144653
1006.289307
805.031433
805.031433
1257.861572
1358.490601
1056.603760
1157.232666
1358.490601
1157.232666
805.031433
553.459106
754.716980
503.144653
704.402527
603.773560
805.031433
452.830170
402.515717
452.830170
301.886780
402.515717
654.088013
402.515717
251.572327
603.773560
301.886780
553.459106
301.886780
905.660339
1459.119507
1861.635132
3169.811279
2767.295654
3320.754639
2716.981201
2666.666504
3018.867920
2415.094238
2465.408691
2716.981201
2213.836426
2465.408691
2314.465332
1962.264160
1761.006226
1408.805054
1509.433960
754.716980
955.974854
805.031433
553.459106
603.773560
553.459106
1509.433960
1358.490601
1056.603760
1056.603760
1207.547119
1358.490601
1358.490601
1106.918213
1257.861572
1157.232666
1106.918213
1358.490601
1408.805054
1308.176025
1559.748413
1408.805054
1509.433960
1408.805054
1157.232666
905.660339
754.716980
1257.861572
1459.119507
603.773560
1056.603760
1710.691772
1459.119507
1056.603760
1056.603760
1056.603760
1106.918213
654.088013
1459.119507
704.402527
1006.289307
805.031433
704.402527
503.144653
503.144653
503.144653
805.031433
754.716980
1056.603760
452.830170
704.402527
754.716980
503.144653
805.031433
1157.232666
905.660339
603.773560
503.144653
553.459106
352.201263
553.459106
603.773560
402.515717
654.088013
402.515717
754.716980
2465.408691
805.031433
1610.062866
301.886780
352.201263
201.257858
855.345886
201.257858
301.886780
1308.176025
1056.603760
1006.289307
553.459106
704.402527
603.773560
603.773560
301.886780
301.886780
603.773560
754.716980
955.974854
1106.918213
754.716980
905.660339
503.144653
603.773560
402.515717
704.402527
1459.119507
1207.547119
1257.861572
1006.289307
1308.176025
654.088013
654.088013
754.716980
955.974854
1257.861572
1207.547119
1106.918213
1509.433960
1207.547119
553.459106
805.031433
955.974854
905.660339
905.660339
1207.547119
1056.603760
553.459106
1408.805054
1257.861572
1157.232666
654.088013
805.031433
905.660339
955.974854
1509.433960
603.773560
1207.547119
704.402527
905.660339
1106.918213
855.345886
905.660339
1257.861572
1358.490601
905.660339
1610.062866
1157.232666
1308.176025
1207.547119
1257.861572
905.660339
855.345886
1207.547119
452.830170
1006.289307
855.345886
553.459106
1257.861572
855.345886
1207.547119
754.716980
503.144653
452.830170
301.886780
251.572327
150.943390
201.257858
201.257858
201.257858
201.257858
201.257858
201.257858
201.257858
402.515717
503.144653
503.144653
654.088013
654.088013
805.031433
855.345886
905.660339
654.088013
704.402527
553.459106
754.716980
352.201263
301.886780
352.201263
251.572327
150.943390
352.201263
754.716980
603.773560
754.716980
1056.603760
1358.490601
654.088013
503.144653
503.144653
603.773560
603.773560
603.773560
402.515717
452.830170
452.830170
352.201263
352.201263
553.459106
452.830170
452.830170
452.830170
452.830170
503.144653
553.459106
503.144653
402.515717
503.144653
402.515717
452.830170
452.830170
905.660339
1509.433960
2163.521973
3471.697998
2515.723145
2163.521973
603.773560
402.515717
452.830170
805.031433
603.773560
603.773560
905.660339
704.402527
704.402527
603.773560
704.402527
402.515717
654.088013
402.515717
402.515717
452.830170
603.773560
553.459106
654.088013
603.773560
1056.603760
1006.289307
654.088013
301.886780
503.144653
251.572327
402.515717
553.459106
352.201263
402.515717
301.886780
503.144653
301.886780
452.830170
352.201263
452.830170
150.943390
100.628929
805.031433
704.402527
905.660339
1408.805054
1056.603760
704.402527
1056.603760
905.660339
805.031433
553.459106
704.402527
1157.232666
855.345886
503.144653
955.974854
553.459106
855.345886
603.773560
754.716980
654.088013
553.459106
805.031433
1006.289307
1056.603760
754.716980
905.660339
855.345886
855.345886
704.402527
503.144653
905.660339
1157.232666
905.660339
1006.289307
1106.918213
603.773560
1106.918213
1056.603760
905.660339
654.088013
855.345886
805.031433
1056.603760
754.716980
1207.547119
855.345886
